2
11
0 -1.766513E-04 4.231497E-04 -5.864168E-04 
0 -1.662949E-04 3.681258E-04 -5.096697E-04 
0 -1.559385E-04 3.131019E-04 -4.329226E-04 
0 -1.455821E-04 2.580780E-04 -3.561755E-04 
0 -1.352256E-04 2.030541E-04 -2.794284E-04 
0 -1.248692E-04 1.480302E-04 -2.026813E-04 
0 -1.145128E-04 9.300627E-05 -1.259342E-04 
0 -1.041564E-04 3.798237E-05 -4.918717E-05 
0 -9.379995E-05 -1.704153E-05 2.755991E-05 
0 -8.344353E-05 -7.206543E-05 1.043070E-04 
0 -7.308710E-05 -1.270893E-04 1.810541E-04 
11
0 4.694402E-04 -4.653227E-04 1.970060E-04 
0 4.537768E-04 -3.785078E-04 2.322597E-04 
0 4.381134E-04 -2.916928E-04 2.675134E-04 
0 4.224500E-04 -2.048778E-04 3.027670E-04 
0 4.067866E-04 -1.180629E-04 3.380207E-04 
0 3.911232E-04 -3.124793E-05 3.732744E-04 
0 3.754599E-04 5.556703E-05 4.085280E-04 
0 3.597965E-04 1.423820E-04 4.437817E-04 
0 3.441331E-04 2.291969E-04 4.790354E-04 
0 3.284697E-04 3.160119E-04 5.142891E-04 
0 3.128064E-04 4.028268E-04 5.495428E-04